%YAML:1.0
---
camera matrix: !!opencv-matrix
   rows: 3
   cols: 3
   dt: d
   data: [ 8.2247817873222687e+02, 0., 3.1292816646577188e+02, 0.,
       8.1898436222133205e+02, 2.0690840184061463e+02, 0., 0., 1. ]
distortion coefficient: !!opencv-matrix
   rows: 1
   cols: 5
   dt: d
   data: [ 1.0407554608538551e-02, 1.8025990895558797e-01,
       4.0763858288973605e-03, 5.9576412186643137e-03,
       -6.2762475007346397e-01 ]
Translation Vector:
   - !!opencv-matrix
      rows: 3
      cols: 1
      dt: d
      data: [ -7.5204748053271624e+00, 5.7547530652694876e+00,
          4.3436478155665164e+01 ]
   - !!opencv-matrix
      rows: 3
      cols: 1
      dt: d
      data: [ -7.5206210035690964e+00, 5.7545811650050478e+00,
          4.3434282614450993e+01 ]
   - !!opencv-matrix
      rows: 3
      cols: 1
      dt: d
      data: [ 3.3309083049856589e+00, 4.7660380725142977e+00,
          4.2724839953828948e+01 ]
   - !!opencv-matrix
      rows: 3
      cols: 1
      dt: d
      data: [ -5.7816545773676191e+00, 5.2603033770913132e+00,
          4.5137278845734173e+01 ]
   - !!opencv-matrix
      rows: 3
      cols: 1
      dt: d
      data: [ -4.9227188747605926e+00, 1.7450695409741313e+00,
          4.3063158617891354e+01 ]
   - !!opencv-matrix
      rows: 3
      cols: 1
      dt: d
      data: [ -4.0841132853027613e+00, -1.5571786095551829e+00,
          4.7521922227677727e+01 ]
   - !!opencv-matrix
      rows: 3
      cols: 1
      dt: d
      data: [ -3.5074283903000327e+00, -1.0003497112645935e+01,
          5.2048125807184341e+01 ]
   - !!opencv-matrix
      rows: 3
      cols: 1
      dt: d
      data: [ -1.4255361174201061e+01, -9.3152388362666052e+00,
          5.3617597980575830e+01 ]
   - !!opencv-matrix
      rows: 3
      cols: 1
      dt: d
      data: [ -5.0824446775269605e+00, -1.0388125347872178e+01,
          5.0152731267739291e+01 ]
   - !!opencv-matrix
      rows: 3
      cols: 1
      dt: d
      data: [ -8.9361297530626072e+00, 2.0704010015571090e+00,
          5.0271793670652826e+01 ]
Rotational Vector:
   - !!opencv-matrix
      rows: 3
      cols: 1
      dt: d
      data: [ -1.5082155581915346e-01, -4.1756786946364330e-03,
          -3.2945917206925246e-02 ]
   - !!opencv-matrix
      rows: 3
      cols: 1
      dt: d
      data: [ -1.5045218908494654e-01, -4.2709032316435910e-03,
          -3.2924369108028859e-02 ]
   - !!opencv-matrix
      rows: 3
      cols: 1
      dt: d
      data: [ -1.4795161259981682e-01, -3.3471650459633190e-01,
          3.7484035747554656e-02 ]
   - !!opencv-matrix
      rows: 3
      cols: 1
      dt: d
      data: [ -1.6951617715424991e-01, 1.0809614013601709e-01,
          -7.4010893949440937e-02 ]
   - !!opencv-matrix
      rows: 3
      cols: 1
      dt: d
      data: [ -5.5968052059919331e-02, 9.6519321408855691e-02,
          -5.3669657002384144e-02 ]
   - !!opencv-matrix
      rows: 3
      cols: 1
      dt: d
      data: [ -2.2648342959468709e-01, 6.9313866878424960e-02,
          -5.0871087205896247e-02 ]
   - !!opencv-matrix
      rows: 3
      cols: 1
      dt: d
      data: [ -3.6559182064092932e-01, 5.8411499475406102e-02,
          2.4071538414616740e-02 ]
   - !!opencv-matrix
      rows: 3
      cols: 1
      dt: d
      data: [ -3.9443360610927947e-01, 1.9880821911189858e-01,
          -1.4937397052871481e-02 ]
   - !!opencv-matrix
      rows: 3
      cols: 1
      dt: d
      data: [ -3.9639079772878644e-01, -2.9395974168087652e-01,
          5.3961409638313668e-02 ]
   - !!opencv-matrix
      rows: 3
      cols: 1
      dt: d
      data: [ -3.8199008684830210e-01, -5.3486595741622352e-02,
          2.6024292217608283e-02 ]
distortion coefficient: !!opencv-matrix
   rows: 1
   cols: 5
   dt: d
   data: [ 1.0407554608538551e-02, 1.8025990895558797e-01,
       4.0763858288973605e-03, 5.9576412186643137e-03,
       -6.2762475007346397e-01 ]
Pnp Translation Vector: !!opencv-matrix
   rows: 3
   cols: 1
   dt: d
   data: [ -7.5212088379596329e+00, 5.7720550304670954e+00,
       4.3466986756785488e+01 ]
Pnp Rotational Vector: !!opencv-matrix
   rows: 3
   cols: 1
   dt: d
   data: [ -1.7321398542669189e-01, 3.6272973147054885e-03,
       -3.3543875347242402e-02 ]
