%YAML:1.0
---
M1: !!opencv-matrix
   rows: 3
   cols: 3
   dt: d
   data: [ 8.2399796201922811e+02, 0., 3.2680651286061965e+02, 0.,
       8.2753086206731371e+02, 1.9918382695449219e+02, 0., 0., 1. ]
M2: !!opencv-matrix
   rows: 3
   cols: 3
   dt: d
   data: [ 8.2399796201922811e+02, 0., 3.2680651286061965e+02, 0.,
       8.2753086206731371e+02, 1.9918382695449219e+02, 0., 0., 1. ]
D1: !!opencv-matrix
   rows: 1
   cols: 5
   dt: d
   data: [ -5.3282614672717596e-02, -4.6449725038938583e-01, 0., 0.,
       2.3728575753920813e+00 ]
D2: !!opencv-matrix
   rows: 1
   cols: 5
   dt: d
   data: [ -2.4840214794452628e-02, -1.1783803751404335e-02, 0., 0.,
       3.3440713709810405e-01 ]
R: !!opencv-matrix
   rows: 3
   cols: 3
   dt: d
   data: [ 9.6442847920704089e-01, 1.1092084755601868e-02,
       -2.6411110190631693e-01, -2.3991906570780187e-02,
       9.9866857043855750e-01, -4.5666999434022033e-02,
       2.6325291434947751e-01, 5.0379083695344822e-02,
       9.6341053088105910e-01 ]
T: !!opencv-matrix
   rows: 3
   cols: 1
   dt: d
   data: [ 1.9640577576481707e+01, -3.7517603542804007e-01,
       3.0299402506970017e+00 ]
E: !!opencv-matrix
   rows: 3
   cols: 3
   dt: d
   data: [ -2.6072141310745617e-02, -3.0448071235671361e+00,
       -2.2308026375187859e-01, -2.2482786184478978e+00,
       -9.5586594748534393e-01, -1.9722180128090756e+01,
       -1.0938444892831789e-01, 1.9618589015275813e+01,
       -9.9601440119479900e-01 ]
F: !!opencv-matrix
   rows: 3
   cols: 3
   dt: d
   data: [ 2.7350126700974041e-08, 3.1804191985865674e-06,
       -4.4959834173467214e-04, 2.3484142645811551e-06,
       9.9417653338290405e-07, 1.6009337025610929e-02,
       -3.8215372416583021e-04, -1.8123082935227387e-02, 1. ]
R1: !!opencv-matrix
   rows: 3
   cols: 3
   dt: d
   data: [ 9.9356606469896191e-01, -2.1009529742494935e-04,
       -1.1325383410103232e-01, -2.5951561377611137e-03,
       9.9969347414756238e-01, -2.4621594412175932e-02,
       1.1322429175419374e-01, 2.4757092049411865e-02,
       9.9326096578392631e-01 ]
R2: !!opencv-matrix
   rows: 3
   cols: 3
   dt: d
   data: [ 9.8813267329403731e-01, -1.8875396988697807e-02,
       1.5243864128657938e-01, 1.5088678688511279e-02,
       9.9954910978538036e-01, 2.5959755443540011e-02,
       -1.5285990888461970e-01, -2.3351584866398201e-02,
       9.8797193874118350e-01 ]
P1: !!opencv-matrix
   rows: 3
   cols: 4
   dt: d
   data: [ 8.2753086206731371e+02, 0., 4.3553442764282227e+02, 0., 0.,
       8.2753086206731371e+02, 1.9837192153930664e+02, 0., 0., 0., 1.,
       0. ]
P2: !!opencv-matrix
   rows: 3
   cols: 4
   dt: d
   data: [ 8.2753086206731371e+02, 0., 1.8010686874389648e+02,
       1.6448382421344555e+04, 0., 8.2753086206731371e+02,
       1.9837192153930664e+02, 0., 0., 0., 1., 0. ]
Q: !!opencv-matrix
   rows: 4
   cols: 4
   dt: d
   data: [ 1., 0., 0., -4.3553442764282227e+02, 0., 1., 0.,
       -1.9837192153930664e+02, 0., 0., 0., 8.2753086206731371e+02, 0.,
       0., -5.0310774693166950e-02, 1.2850758366189487e+01 ]
