%YAML:1.0
---
M1: !!opencv-matrix
   rows: 3
   cols: 3
   dt: d
   data: [ 8.0855648721507737e+02, 0., 3.2680651286061965e+02, 0.,
       8.1202318177529446e+02, 1.9918382695449219e+02, 0., 0., 1. ]
M2: !!opencv-matrix
   rows: 3
   cols: 3
   dt: d
   data: [ 8.0855648721507737e+02, 0., 3.2680651286061965e+02, 0.,
       8.1202318177529446e+02, 1.9918382695449219e+02, 0., 0., 1. ]
D1: !!opencv-matrix
   rows: 1
   cols: 14
   dt: d
   data: [ 5.9981186224694963e-02, -5.3861457060613116e-01, 0., 0.,
       1.7680948721558427e+00, 0., 0., 0., 0., 0., 0., 0., 0., 0. ]
D2: !!opencv-matrix
   rows: 1
   cols: 14
   dt: d
   data: [ -1.2472130957377005e-01, 1.0808401812217523e+00, 0., 0.,
       -2.8241880504998376e+00, 0., 0., 0., 0., 0., 0., 0., 0., 0. ]
R: !!opencv-matrix
   rows: 3
   cols: 3
   dt: d
   data: [ 9.6267996237271269e-01, 1.2471458293789317e-02,
       -2.7035486452826907e-01, -2.4755680053062903e-02,
       9.9880771028058513e-01, -4.2075101772487439e-02,
       2.6950778532573572e-01, 4.7197675918217261e-02,
       9.6184090838180514e-01 ]
T: !!opencv-matrix
   rows: 3
   cols: 1
   dt: d
   data: [ 1.9870860637388727e+01, -6.1541547385097650e-01,
       3.0631217899450660e+00 ]
E: !!opencv-matrix
   rows: 3
   cols: 3
   dt: d
   data: [ -9.0029598417319473e-02, -3.0885158414154734e+00,
       -4.6305061734757974e-01, -2.4065456734116206e+00,
       -8.9965684492743603e-01, -1.9940736522348416e+01,
       1.0053147689224629e-01, 1.9854843942950328e+01,
       -1.0024490506866266e+00 ]
F: !!opencv-matrix
   rows: 3
   cols: 3
   dt: d
   data: [ 9.5070819466740045e-08, 3.2475339191574869e-06,
       -2.8255868718733528e-04, 2.5304512276110419e-06,
       9.4193880595102486e-07, 1.5938759005737369e-02,
       -6.2093168731979778e-04, -1.8129255419696153e-02, 1. ]
R1: !!opencv-matrix
   rows: 3
   cols: 3
   dt: d
   data: [ 9.9279473693902698e-01, -1.1051009965202373e-02,
       -1.1931674436103826e-01, 8.1999650516452662e-03,
       9.9966963702866063e-01, -2.4359338581699332e-02,
       1.1954652182025272e-01, 2.3205430005390274e-02,
       9.9255737221530160e-01 ]
R2: !!opencv-matrix
   rows: 3
   cols: 3
   dt: d
   data: [ 9.8786364004808713e-01, -3.0594878663506388e-02,
       1.5228060306719557e-01, 2.6946945915399406e-02,
       9.9929966713629081e-01, 2.5962229625576178e-02,
       -1.5296826722159071e-01, -2.1543645486869840e-02,
       9.8799624521673157e-01 ]
P1: !!opencv-matrix
   rows: 3
   cols: 4
   dt: d
   data: [ 8.1202318177529446e+02, 0., 4.3985969543457031e+02, 0., 0.,
       8.1202318177529446e+02, 1.9781126976013184e+02, 0., 0., 0., 1.,
       0. ]
P2: !!opencv-matrix
   rows: 3
   cols: 4
   dt: d
   data: [ 8.1202318177529446e+02, 0., 1.8295119094848633e+02,
       1.6333832753071471e+04, 0., 8.1202318177529446e+02,
       1.9781126976013184e+02, 0., 0., 0., 1., 0. ]
Q: !!opencv-matrix
   rows: 4
   cols: 4
   dt: d
   data: [ 1., 0., 0., -4.3985969543457031e+02, 0., 1., 0.,
       -1.9781126976013184e+02, 0., 0., 0., 8.1202318177529446e+02, 0.,
       0., -4.9714184910005205e-02, 1.2771996896974080e+01 ]
