%YAML:1.0
---
camera matrix: !!opencv-matrix
   rows: 3
   cols: 3
   dt: d
   data: [ 7.9080611398054032e+02, 0., 3.4068485925546742e+02, 0.,
       8.0121690409818245e+02, 1.9145925206836978e+02, 0., 0., 1. ]
distortion coefficient: !!opencv-matrix
   rows: 1
   cols: 5
   dt: d
   data: [ 1.9683263127272942e-02, 1.9202358502179547e-02,
       8.1189660864980310e-03, 7.1203411940965492e-03,
       -1.0424693194629381e-01 ]
Translation Vector:
   - !!opencv-matrix
      rows: 3
      cols: 1
      dt: d
      data: [ -3.6161664730496299e+00, 5.2863261373321835e-01,
          4.6926402400858301e+01 ]
   - !!opencv-matrix
      rows: 3
      cols: 1
      dt: d
      data: [ 8.5309216478104433e-01, 1.2024572693334583e+00,
          5.0037911635905459e+01 ]
   - !!opencv-matrix
      rows: 3
      cols: 1
      dt: d
      data: [ 3.6684700939598245e+00, 1.2106585821371991e+00,
          5.0116589950113990e+01 ]
   - !!opencv-matrix
      rows: 3
      cols: 1
      dt: d
      data: [ 3.7195439101018248e+00, -2.8517499548393017e+00,
          4.9884945197589325e+01 ]
   - !!opencv-matrix
      rows: 3
      cols: 1
      dt: d
      data: [ 2.6863465036710523e+00, -8.0024945279221171e+00,
          5.1172957233474499e+01 ]
   - !!opencv-matrix
      rows: 3
      cols: 1
      dt: d
      data: [ -7.7639895402554240e+00, -6.6239815208696484e+00,
          5.0338839441092858e+01 ]
   - !!opencv-matrix
      rows: 3
      cols: 1
      dt: d
      data: [ -6.7604802875074039e+00, -9.4659361945533238e+00,
          5.1911020076725045e+01 ]
   - !!opencv-matrix
      rows: 3
      cols: 1
      dt: d
      data: [ -1.1645357645716114e+01, -9.1905723889373743e+00,
          4.2802808914779824e+01 ]
   - !!opencv-matrix
      rows: 3
      cols: 1
      dt: d
      data: [ -1.4227408500724115e+01, -8.6439167653504221e+00,
          4.2787865298677033e+01 ]
   - !!opencv-matrix
      rows: 3
      cols: 1
      dt: d
      data: [ -1.5039858948201010e+01, -2.2955898879526049e+00,
          4.1868760789293610e+01 ]
Rotational Vector:
   - !!opencv-matrix
      rows: 3
      cols: 1
      dt: d
      data: [ -3.6969253085895853e-01, -3.3757515322813086e-01,
          -5.3489994731194569e-02 ]
   - !!opencv-matrix
      rows: 3
      cols: 1
      dt: d
      data: [ -3.7347862635029022e-01, -1.0030071790683169e-01,
          1.7113363018524379e-02 ]
   - !!opencv-matrix
      rows: 3
      cols: 1
      dt: d
      data: [ -3.7723365553276034e-01, -2.3735781402297512e-02,
          -2.2002594446043522e-02 ]
   - !!opencv-matrix
      rows: 3
      cols: 1
      dt: d
      data: [ -3.2288078966892048e-01, -3.8374684376459938e-03,
          1.2014454180984535e-02 ]
   - !!opencv-matrix
      rows: 3
      cols: 1
      dt: d
      data: [ -3.4098766853352425e-01, 1.1597814837721456e-02,
          2.2633908152449686e-02 ]
   - !!opencv-matrix
      rows: 3
      cols: 1
      dt: d
      data: [ -3.0378079564387012e-01, 3.2224434245893982e-02,
          3.2430016416756240e-02 ]
   - !!opencv-matrix
      rows: 3
      cols: 1
      dt: d
      data: [ -3.6142741277672713e-01, 3.4746795399740772e-02,
          6.9126190029456636e-02 ]
   - !!opencv-matrix
      rows: 3
      cols: 1
      dt: d
      data: [ -3.5897392873869538e-01, -2.7651862553584461e-01,
          3.5925102608908424e-02 ]
   - !!opencv-matrix
      rows: 3
      cols: 1
      dt: d
      data: [ -3.7800912740975556e-01, -2.3611524109615770e-01,
          -3.1746450222799000e-03 ]
   - !!opencv-matrix
      rows: 3
      cols: 1
      dt: d
      data: [ -4.0261629797434895e-01, -2.9092985888145578e-01,
          -6.1679769263584865e-02 ]
distortion coefficient: !!opencv-matrix
   rows: 1
   cols: 5
   dt: d
   data: [ 1.9683263127272942e-02, 1.9202358502179547e-02,
       8.1189660864980310e-03, 7.1203411940965492e-03,
       -1.0424693194629381e-01 ]
Pnp Translation Vector: !!opencv-matrix
   rows: 3
   cols: 1
   dt: d
   data: [ -3.6385159842043047e+00, 5.3545382179069390e-01,
       4.7288354890774634e+01 ]
Pnp Rotational Vector: !!opencv-matrix
   rows: 3
   cols: 1
   dt: d
   data: [ -3.7300538600147587e-01, -3.2413053056983404e-01,
       -5.1118997011665744e-02 ]
